2.168850072780203753e-01 2.863013698630136883e-01 0.000000000000000000e+00 0.000000000000000000e+00 0.000000000000000000e+00 0.000000000000000000e+00 0.000000000000000000e+00 0.000000000000000000e+00 0.000000000000000000e+00 0.000000000000000000e+00 0.000000000000000000e+00 0.000000000000000000e+00 0.000000000000000000e+00
0.000000000000000000e+00 0.000000000000000000e+00 0.000000000000000000e+00 0.000000000000000000e+00 0.000000000000000000e+00 0.000000000000000000e+00 0.000000000000000000e+00 0.000000000000000000e+00 0.000000000000000000e+00 0.000000000000000000e+00 0.000000000000000000e+00 0.000000000000000000e+00 0.000000000000000000e+00
2.527472527472527375e-01 2.654545454545454430e-01 0.000000000000000000e+00 0.000000000000000000e+00 0.000000000000000000e+00 0.000000000000000000e+00 0.000000000000000000e+00 0.000000000000000000e+00 0.000000000000000000e+00 0.000000000000000000e+00 0.000000000000000000e+00 0.000000000000000000e+00 0.000000000000000000e+00
3.375262054507337517e-01 3.214285714285714524e-01 0.000000000000000000e+00 0.000000000000000000e+00 0.000000000000000000e+00 0.000000000000000000e+00 0.000000000000000000e+00 0.000000000000000000e+00 0.000000000000000000e+00 0.000000000000000000e+00 0.000000000000000000e+00 0.000000000000000000e+00 0.000000000000000000e+00
2.076411960132890366e-01 3.355704697986577334e-01 0.000000000000000000e+00 0.000000000000000000e+00 0.000000000000000000e+00 0.000000000000000000e+00 0.000000000000000000e+00 0.000000000000000000e+00 0.000000000000000000e+00 0.000000000000000000e+00 0.000000000000000000e+00 0.000000000000000000e+00 0.000000000000000000e+00
2.080957810718357948e-01 1.900393184796854429e-01 0.000000000000000000e+00 0.000000000000000000e+00 0.000000000000000000e+00 0.000000000000000000e+00 0.000000000000000000e+00 0.000000000000000000e+00 0.000000000000000000e+00 0.000000000000000000e+00 0.000000000000000000e+00 0.000000000000000000e+00 0.000000000000000000e+00
1.939501779359430467e-01 1.943634596695821282e-01 0.000000000000000000e+00 0.000000000000000000e+00 0.000000000000000000e+00 0.000000000000000000e+00 0.000000000000000000e+00 0.000000000000000000e+00 0.000000000000000000e+00 0.000000000000000000e+00 0.000000000000000000e+00 0.000000000000000000e+00 0.000000000000000000e+00
1.393819855358316984e-01 2.375081116158338779e-01 0.000000000000000000e+00 0.000000000000000000e+00 0.000000000000000000e+00 0.000000000000000000e+00 0.000000000000000000e+00 0.000000000000000000e+00 0.000000000000000000e+00 0.000000000000000000e+00 0.000000000000000000e+00 0.000000000000000000e+00 0.000000000000000000e+00
1.858108108108108003e-01 1.262626262626262708e-01 0.000000000000000000e+00 0.000000000000000000e+00 0.000000000000000000e+00 0.000000000000000000e+00 0.000000000000000000e+00 0.000000000000000000e+00 0.000000000000000000e+00 0.000000000000000000e+00 0.000000000000000000e+00 0.000000000000000000e+00 0.000000000000000000e+00
2.175470008952551382e-01 1.830808080808080940e-01 0.000000000000000000e+00 0.000000000000000000e+00 0.000000000000000000e+00 0.000000000000000000e+00 0.000000000000000000e+00 0.000000000000000000e+00 0.000000000000000000e+00 0.000000000000000000e+00 0.000000000000000000e+00 0.000000000000000000e+00 0.000000000000000000e+00
1.535580524344569153e-01 2.577777777777777724e-01 0.000000000000000000e+00 0.000000000000000000e+00 0.000000000000000000e+00 0.000000000000000000e+00 0.000000000000000000e+00 0.000000000000000000e+00 0.000000000000000000e+00 0.000000000000000000e+00 0.000000000000000000e+00 0.000000000000000000e+00 0.000000000000000000e+00
1.053864168618267039e-01 1.251980982567353351e-01 0.000000000000000000e+00 0.000000000000000000e+00 0.000000000000000000e+00 0.000000000000000000e+00 0.000000000000000000e+00 0.000000000000000000e+00 0.000000000000000000e+00 0.000000000000000000e+00 0.000000000000000000e+00 0.000000000000000000e+00 0.000000000000000000e+00
3.727810650887574129e-01 0.000000000000000000e+00 2.871287128712871062e-01 0.000000000000000000e+00 0.000000000000000000e+00 0.000000000000000000e+00 0.000000000000000000e+00 0.000000000000000000e+00 0.000000000000000000e+00 0.000000000000000000e+00 0.000000000000000000e+00 0.000000000000000000e+00 0.000000000000000000e+00
1.801980198019801915e-01 2.430278884462151456e-01 0.000000000000000000e+00 0.000000000000000000e+00 0.000000000000000000e+00 0.000000000000000000e+00 0.000000000000000000e+00 0.000000000000000000e+00 0.000000000000000000e+00 0.000000000000000000e+00 0.000000000000000000e+00 0.000000000000000000e+00 0.000000000000000000e+00
0.000000000000000000e+00 0.000000000000000000e+00 0.000000000000000000e+00 0.000000000000000000e+00 0.000000000000000000e+00 0.000000000000000000e+00 0.000000000000000000e+00 0.000000000000000000e+00 0.000000000000000000e+00 0.000000000000000000e+00 0.000000000000000000e+00 0.000000000000000000e+00 0.000000000000000000e+00
1.511694238448374195e-01 2.242187499999999944e-01 2.611111111111111271e-01 0.000000000000000000e+00 0.000000000000000000e+00 0.000000000000000000e+00 0.000000000000000000e+00 0.000000000000000000e+00 0.000000000000000000e+00 0.000000000000000000e+00 0.000000000000000000e+00 0.000000000000000000e+00 0.000000000000000000e+00
2.011331444759206777e-01 1.479547432550043506e-01 0.000000000000000000e+00 0.000000000000000000e+00 0.000000000000000000e+00 0.000000000000000000e+00 0.000000000000000000e+00 0.000000000000000000e+00 0.000000000000000000e+00 0.000000000000000000e+00 0.000000000000000000e+00 0.000000000000000000e+00 0.000000000000000000e+00
2.004573170731707432e-01 2.293046357615894093e-01 0.000000000000000000e+00 0.000000000000000000e+00 0.000000000000000000e+00 0.000000000000000000e+00 0.000000000000000000e+00 0.000000000000000000e+00 0.000000000000000000e+00 0.000000000000000000e+00 0.000000000000000000e+00 0.000000000000000000e+00 0.000000000000000000e+00
2.125114995400184115e-01 1.270136307311028612e-01 0.000000000000000000e+00 0.000000000000000000e+00 0.000000000000000000e+00 0.000000000000000000e+00 0.000000000000000000e+00 0.000000000000000000e+00 0.000000000000000000e+00 0.000000000000000000e+00 0.000000000000000000e+00 0.000000000000000000e+00 0.000000000000000000e+00
1.079105760963026683e-01 1.872727272727272851e-01 1.625000000000000056e-01 0.000000000000000000e+00 0.000000000000000000e+00 0.000000000000000000e+00 0.000000000000000000e+00 0.000000000000000000e+00 0.000000000000000000e+00 0.000000000000000000e+00 0.000000000000000000e+00 0.000000000000000000e+00 0.000000000000000000e+00
2.828438948995363189e-01 1.782945736434108641e-01 0.000000000000000000e+00 0.000000000000000000e+00 0.000000000000000000e+00 0.000000000000000000e+00 0.000000000000000000e+00 0.000000000000000000e+00 0.000000000000000000e+00 0.000000000000000000e+00 0.000000000000000000e+00 0.000000000000000000e+00 0.000000000000000000e+00
1.665822784810126467e-01 2.096774193548387177e-01 0.000000000000000000e+00 0.000000000000000000e+00 0.000000000000000000e+00 0.000000000000000000e+00 0.000000000000000000e+00 0.000000000000000000e+00 0.000000000000000000e+00 0.000000000000000000e+00 0.000000000000000000e+00 0.000000000000000000e+00 0.000000000000000000e+00
1.434525877040639108e-01 1.482828282828282940e-01 3.558718861209964612e-01 0.000000000000000000e+00 0.000000000000000000e+00 0.000000000000000000e+00 0.000000000000000000e+00 0.000000000000000000e+00 0.000000000000000000e+00 0.000000000000000000e+00 0.000000000000000000e+00 0.000000000000000000e+00 0.000000000000000000e+00
0.000000000000000000e+00 0.000000000000000000e+00 0.000000000000000000e+00 0.000000000000000000e+00 0.000000000000000000e+00 0.000000000000000000e+00 0.000000000000000000e+00 0.000000000000000000e+00 0.000000000000000000e+00 0.000000000000000000e+00 0.000000000000000000e+00 0.000000000000000000e+00 0.000000000000000000e+00
2.500000000000000000e-01 2.676470588235294046e-01 0.000000000000000000e+00 0.000000000000000000e+00 0.000000000000000000e+00 0.000000000000000000e+00 0.000000000000000000e+00 0.000000000000000000e+00 0.000000000000000000e+00 0.000000000000000000e+00 0.000000000000000000e+00 0.000000000000000000e+00 0.000000000000000000e+00
1.496969696969696895e-01 2.218501465048137167e-01 2.403361344537815192e-01 0.000000000000000000e+00 0.000000000000000000e+00 0.000000000000000000e+00 0.000000000000000000e+00 0.000000000000000000e+00 0.000000000000000000e+00 0.000000000000000000e+00 0.000000000000000000e+00 0.000000000000000000e+00 0.000000000000000000e+00
3.968871595330739077e-01 2.415584415584415556e-01 0.000000000000000000e+00 0.000000000000000000e+00 0.000000000000000000e+00 0.000000000000000000e+00 0.000000000000000000e+00 0.000000000000000000e+00 0.000000000000000000e+00 0.000000000000000000e+00 0.000000000000000000e+00 0.000000000000000000e+00 0.000000000000000000e+00
1.542893725992317555e-01 2.345828295042321765e-01 0.000000000000000000e+00 0.000000000000000000e+00 0.000000000000000000e+00 0.000000000000000000e+00 0.000000000000000000e+00 0.000000000000000000e+00 0.000000000000000000e+00 0.000000000000000000e+00 0.000000000000000000e+00 0.000000000000000000e+00 0.000000000000000000e+00
1.764705882352941291e-01 1.799140708915145104e-01 0.000000000000000000e+00 0.000000000000000000e+00 0.000000000000000000e+00 0.000000000000000000e+00 0.000000000000000000e+00 0.000000000000000000e+00 0.000000000000000000e+00 0.000000000000000000e+00 0.000000000000000000e+00 0.000000000000000000e+00 0.000000000000000000e+00
1.850649350649350711e-01 0.000000000000000000e+00 2.070108953102794969e-01 0.000000000000000000e+00 0.000000000000000000e+00 0.000000000000000000e+00 0.000000000000000000e+00 0.000000000000000000e+00 0.000000000000000000e+00 0.000000000000000000e+00 0.000000000000000000e+00 0.000000000000000000e+00 0.000000000000000000e+00
1.321770334928229762e-01 1.530434782608695587e-01 1.818181818181818232e-01 0.000000000000000000e+00 0.000000000000000000e+00 0.000000000000000000e+00 0.000000000000000000e+00 0.000000000000000000e+00 0.000000000000000000e+00 0.000000000000000000e+00 0.000000000000000000e+00 0.000000000000000000e+00 0.000000000000000000e+00
1.501740427647936249e-01 1.374425727411944798e-01 0.000000000000000000e+00 0.000000000000000000e+00 0.000000000000000000e+00 0.000000000000000000e+00 0.000000000000000000e+00 0.000000000000000000e+00 0.000000000000000000e+00 0.000000000000000000e+00 0.000000000000000000e+00 0.000000000000000000e+00 0.000000000000000000e+00
1.198979591836734637e-01 1.884816753926701616e-01 0.000000000000000000e+00 0.000000000000000000e+00 0.000000000000000000e+00 0.000000000000000000e+00 0.000000000000000000e+00 0.000000000000000000e+00 0.000000000000000000e+00 0.000000000000000000e+00 0.000000000000000000e+00 0.000000000000000000e+00 0.000000000000000000e+00
2.301451750640478300e-01 1.920199501246882823e-01 2.496379959455545805e-01 0.000000000000000000e+00 0.000000000000000000e+00 0.000000000000000000e+00 0.000000000000000000e+00 0.000000000000000000e+00 0.000000000000000000e+00 0.000000000000000000e+00 0.000000000000000000e+00 0.000000000000000000e+00 0.000000000000000000e+00
2.241537053979871796e-01 1.660968660968661081e-01 2.332771219786396732e-01 0.000000000000000000e+00 0.000000000000000000e+00 0.000000000000000000e+00 0.000000000000000000e+00 0.000000000000000000e+00 0.000000000000000000e+00 0.000000000000000000e+00 0.000000000000000000e+00 0.000000000000000000e+00 0.000000000000000000e+00
2.260869565217391297e-01 1.534128561961563830e-01 1.161562829989440382e-01 0.000000000000000000e+00 0.000000000000000000e+00 0.000000000000000000e+00 0.000000000000000000e+00 0.000000000000000000e+00 0.000000000000000000e+00 0.000000000000000000e+00 0.000000000000000000e+00 0.000000000000000000e+00 0.000000000000000000e+00
1.992966002344665755e-01 0.000000000000000000e+00 2.719298245614035214e-01 0.000000000000000000e+00 0.000000000000000000e+00 0.000000000000000000e+00 0.000000000000000000e+00 0.000000000000000000e+00 0.000000000000000000e+00 0.000000000000000000e+00 0.000000000000000000e+00 0.000000000000000000e+00 0.000000000000000000e+00
2.630350194552529275e-01 0.000000000000000000e+00 2.383419689119170848e-01 0.000000000000000000e+00 0.000000000000000000e+00 0.000000000000000000e+00 0.000000000000000000e+00 0.000000000000000000e+00 0.000000000000000000e+00 0.000000000000000000e+00 0.000000000000000000e+00 0.000000000000000000e+00 0.000000000000000000e+00
0.000000000000000000e+00 0.000000000000000000e+00 0.000000000000000000e+00 0.000000000000000000e+00 0.000000000000000000e+00 0.000000000000000000e+00 0.000000000000000000e+00 0.000000000000000000e+00 0.000000000000000000e+00 0.000000000000000000e+00 0.000000000000000000e+00 0.000000000000000000e+00 0.000000000000000000e+00
0.000000000000000000e+00 0.000000000000000000e+00 0.000000000000000000e+00 0.000000000000000000e+00 0.000000000000000000e+00 0.000000000000000000e+00 0.000000000000000000e+00 0.000000000000000000e+00 0.000000000000000000e+00 0.000000000000000000e+00 0.000000000000000000e+00 0.000000000000000000e+00 0.000000000000000000e+00
0.000000000000000000e+00 0.000000000000000000e+00 0.000000000000000000e+00 0.000000000000000000e+00 0.000000000000000000e+00 0.000000000000000000e+00 0.000000000000000000e+00 0.000000000000000000e+00 0.000000000000000000e+00 0.000000000000000000e+00 0.000000000000000000e+00 0.000000000000000000e+00 0.000000000000000000e+00
0.000000000000000000e+00 0.000000000000000000e+00 0.000000000000000000e+00 0.000000000000000000e+00 0.000000000000000000e+00 0.000000000000000000e+00 0.000000000000000000e+00 0.000000000000000000e+00 0.000000000000000000e+00 0.000000000000000000e+00 0.000000000000000000e+00 0.000000000000000000e+00 0.000000000000000000e+00
0.000000000000000000e+00 0.000000000000000000e+00 0.000000000000000000e+00 0.000000000000000000e+00 0.000000000000000000e+00 0.000000000000000000e+00 0.000000000000000000e+00 0.000000000000000000e+00 0.000000000000000000e+00 0.000000000000000000e+00 0.000000000000000000e+00 0.000000000000000000e+00 0.000000000000000000e+00
2.844141069397042032e-01 1.766889383815887227e-01 0.000000000000000000e+00 0.000000000000000000e+00 0.000000000000000000e+00 0.000000000000000000e+00 0.000000000000000000e+00 0.000000000000000000e+00 0.000000000000000000e+00 0.000000000000000000e+00 0.000000000000000000e+00 0.000000000000000000e+00 0.000000000000000000e+00
1.218923485397055279e-01 1.332846448785831583e-01 1.833660772757040036e-01 0.000000000000000000e+00 0.000000000000000000e+00 0.000000000000000000e+00 0.000000000000000000e+00 0.000000000000000000e+00 0.000000000000000000e+00 0.000000000000000000e+00 0.000000000000000000e+00 0.000000000000000000e+00 0.000000000000000000e+00
1.350000000000000089e-01 0.000000000000000000e+00 3.468309859154929398e-01 0.000000000000000000e+00 0.000000000000000000e+00 0.000000000000000000e+00 0.000000000000000000e+00 0.000000000000000000e+00 0.000000000000000000e+00 0.000000000000000000e+00 0.000000000000000000e+00 0.000000000000000000e+00 0.000000000000000000e+00
2.250903458957150272e-01 0.000000000000000000e+00 2.294398092967818714e-01 0.000000000000000000e+00 0.000000000000000000e+00 0.000000000000000000e+00 0.000000000000000000e+00 0.000000000000000000e+00 0.000000000000000000e+00 0.000000000000000000e+00 0.000000000000000000e+00 0.000000000000000000e+00 0.000000000000000000e+00
2.062622309197651715e-01 1.929046563192904629e-01 2.551462621885157156e-01 0.000000000000000000e+00 0.000000000000000000e+00 0.000000000000000000e+00 0.000000000000000000e+00 0.000000000000000000e+00 0.000000000000000000e+00 0.000000000000000000e+00 0.000000000000000000e+00 0.000000000000000000e+00 0.000000000000000000e+00
2.374893977947413193e-01 1.429618768328445866e-01 0.000000000000000000e+00 0.000000000000000000e+00 0.000000000000000000e+00 0.000000000000000000e+00 0.000000000000000000e+00 0.000000000000000000e+00 0.000000000000000000e+00 0.000000000000000000e+00 0.000000000000000000e+00 0.000000000000000000e+00 0.000000000000000000e+00
2.341040462427745605e-01 2.580469176213857074e-01 0.000000000000000000e+00 0.000000000000000000e+00 0.000000000000000000e+00 0.000000000000000000e+00 0.000000000000000000e+00 0.000000000000000000e+00 0.000000000000000000e+00 0.000000000000000000e+00 0.000000000000000000e+00 0.000000000000000000e+00 0.000000000000000000e+00
2.910848549946294384e-01 0.000000000000000000e+00 2.059523809523809423e-01 0.000000000000000000e+00 0.000000000000000000e+00 0.000000000000000000e+00 0.000000000000000000e+00 0.000000000000000000e+00 0.000000000000000000e+00 0.000000000000000000e+00 0.000000000000000000e+00 0.000000000000000000e+00 0.000000000000000000e+00
1.795343137254901966e-01 2.036569987389659497e-01 1.711598746081504641e-01 1.697381183317167863e-01 0.000000000000000000e+00 0.000000000000000000e+00 0.000000000000000000e+00 0.000000000000000000e+00 0.000000000000000000e+00 0.000000000000000000e+00 0.000000000000000000e+00 0.000000000000000000e+00 0.000000000000000000e+00
1.702643706039291827e-01 1.861092380310181982e-01 1.438816674137158302e-01 0.000000000000000000e+00 0.000000000000000000e+00 0.000000000000000000e+00 0.000000000000000000e+00 0.000000000000000000e+00 0.000000000000000000e+00 0.000000000000000000e+00 0.000000000000000000e+00 0.000000000000000000e+00 0.000000000000000000e+00
1.103357472021066488e-01 2.847990681421083137e-01 1.805555555555555525e-01 2.218080149114631805e-01 2.563909774436090028e-01 0.000000000000000000e+00 0.000000000000000000e+00 0.000000000000000000e+00 0.000000000000000000e+00 0.000000000000000000e+00 0.000000000000000000e+00 0.000000000000000000e+00 0.000000000000000000e+00
1.927468099395567569e-01 2.818991097922848854e-01 1.706362153344208876e-01 2.668308702791461484e-01 1.597414589104339810e-01 0.000000000000000000e+00 0.000000000000000000e+00 0.000000000000000000e+00 0.000000000000000000e+00 0.000000000000000000e+00 0.000000000000000000e+00 0.000000000000000000e+00 0.000000000000000000e+00
2.209217264081931309e-01 2.390011890606421052e-01 2.043010752688172171e-01 0.000000000000000000e+00 1.736947791164658583e-01 1.861702127659574380e-01 0.000000000000000000e+00 0.000000000000000000e+00 0.000000000000000000e+00 0.000000000000000000e+00 0.000000000000000000e+00 0.000000000000000000e+00 0.000000000000000000e+00
2.093700963909437274e-01 1.893988364576599803e-01 0.000000000000000000e+00 2.379725085910652793e-01 2.430555555555555525e-01 3.270440251572326873e-01 0.000000000000000000e+00 0.000000000000000000e+00 0.000000000000000000e+00 0.000000000000000000e+00 0.000000000000000000e+00 0.000000000000000000e+00 0.000000000000000000e+00
1.694285714285714284e-01 2.355500310752019766e-01 0.000000000000000000e+00 0.000000000000000000e+00 0.000000000000000000e+00 1.879271070615034234e-01 0.000000000000000000e+00 0.000000000000000000e+00 0.000000000000000000e+00 0.000000000000000000e+00 0.000000000000000000e+00 0.000000000000000000e+00 0.000000000000000000e+00
1.546900713110257730e-01 3.592417061611374307e-01 1.637443438914027161e-01 3.112965340179717488e-01 0.000000000000000000e+00 0.000000000000000000e+00 0.000000000000000000e+00 0.000000000000000000e+00 0.000000000000000000e+00 0.000000000000000000e+00 0.000000000000000000e+00 0.000000000000000000e+00 0.000000000000000000e+00
2.701005025125627901e-01 2.679303278688524581e-01 1.882591093117408909e-01 0.000000000000000000e+00 0.000000000000000000e+00 2.062911485003657563e-01 0.000000000000000000e+00 0.000000000000000000e+00 0.000000000000000000e+00 0.000000000000000000e+00 0.000000000000000000e+00 0.000000000000000000e+00 0.000000000000000000e+00
1.810224089635854294e-01 3.303015797032072820e-01 0.000000000000000000e+00 0.000000000000000000e+00 1.468584405753217137e-01 0.000000000000000000e+00 0.000000000000000000e+00 0.000000000000000000e+00 0.000000000000000000e+00 0.000000000000000000e+00 0.000000000000000000e+00 0.000000000000000000e+00 0.000000000000000000e+00
1.701149425287356298e-01 2.395882077678989364e-01 2.324873096446700427e-01 0.000000000000000000e+00 0.000000000000000000e+00 0.000000000000000000e+00 0.000000000000000000e+00 0.000000000000000000e+00 0.000000000000000000e+00 0.000000000000000000e+00 0.000000000000000000e+00 0.000000000000000000e+00 0.000000000000000000e+00
2.159596558884603890e-01 0.000000000000000000e+00 1.662995594713656267e-01 2.840136054421768530e-01 0.000000000000000000e+00 0.000000000000000000e+00 0.000000000000000000e+00 0.000000000000000000e+00 0.000000000000000000e+00 0.000000000000000000e+00 0.000000000000000000e+00 0.000000000000000000e+00 0.000000000000000000e+00
0.000000000000000000e+00 0.000000000000000000e+00 0.000000000000000000e+00 0.000000000000000000e+00 0.000000000000000000e+00 0.000000000000000000e+00 0.000000000000000000e+00 0.000000000000000000e+00 0.000000000000000000e+00 0.000000000000000000e+00 0.000000000000000000e+00 0.000000000000000000e+00 0.000000000000000000e+00
0.000000000000000000e+00 0.000000000000000000e+00 0.000000000000000000e+00 0.000000000000000000e+00 0.000000000000000000e+00 0.000000000000000000e+00 0.000000000000000000e+00 0.000000000000000000e+00 0.000000000000000000e+00 0.000000000000000000e+00 0.000000000000000000e+00 0.000000000000000000e+00 0.000000000000000000e+00
0.000000000000000000e+00 0.000000000000000000e+00 0.000000000000000000e+00 0.000000000000000000e+00 0.000000000000000000e+00 0.000000000000000000e+00 0.000000000000000000e+00 0.000000000000000000e+00 0.000000000000000000e+00 0.000000000000000000e+00 0.000000000000000000e+00 0.000000000000000000e+00 0.000000000000000000e+00
0.000000000000000000e+00 0.000000000000000000e+00 0.000000000000000000e+00 0.000000000000000000e+00 0.000000000000000000e+00 0.000000000000000000e+00 0.000000000000000000e+00 0.000000000000000000e+00 0.000000000000000000e+00 0.000000000000000000e+00 0.000000000000000000e+00 0.000000000000000000e+00 0.000000000000000000e+00
0.000000000000000000e+00 0.000000000000000000e+00 0.000000000000000000e+00 0.000000000000000000e+00 0.000000000000000000e+00 0.000000000000000000e+00 0.000000000000000000e+00 0.000000000000000000e+00 0.000000000000000000e+00 0.000000000000000000e+00 0.000000000000000000e+00 0.000000000000000000e+00 0.000000000000000000e+00
0.000000000000000000e+00 0.000000000000000000e+00 0.000000000000000000e+00 0.000000000000000000e+00 0.000000000000000000e+00 0.000000000000000000e+00 0.000000000000000000e+00 0.000000000000000000e+00 0.000000000000000000e+00 0.000000000000000000e+00 0.000000000000000000e+00 0.000000000000000000e+00 0.000000000000000000e+00
1.211037301992846232e-01 2.801064537591483883e-01 0.000000000000000000e+00 0.000000000000000000e+00 2.500000000000000000e-01 2.171985815602836822e-01 0.000000000000000000e+00 0.000000000000000000e+00 0.000000000000000000e+00 0.000000000000000000e+00 0.000000000000000000e+00 0.000000000000000000e+00 0.000000000000000000e+00
2.205518553758325506e-01 2.161000390777647606e-01 2.092318059299191346e-01 0.000000000000000000e+00 3.362318840579709978e-01 1.629629629629629761e-01 0.000000000000000000e+00 0.000000000000000000e+00 0.000000000000000000e+00 0.000000000000000000e+00 0.000000000000000000e+00 0.000000000000000000e+00 0.000000000000000000e+00
1.398954389760230788e-01 2.100840336134453812e-01 1.937823834196891193e-01 2.131585336246661910e-01 0.000000000000000000e+00 2.012541057031949909e-01 0.000000000000000000e+00 0.000000000000000000e+00 0.000000000000000000e+00 0.000000000000000000e+00 0.000000000000000000e+00 0.000000000000000000e+00 0.000000000000000000e+00
2.017654476670870112e-01 2.290448343079921900e-01 2.420537897310513498e-01 2.317180616740088239e-01 1.996542783059636894e-01 2.572038420490928567e-01 0.000000000000000000e+00 0.000000000000000000e+00 0.000000000000000000e+00 0.000000000000000000e+00 0.000000000000000000e+00 0.000000000000000000e+00 0.000000000000000000e+00
1.705397301349325379e-01 2.518326865028029382e-01 2.300380228136882088e-01 2.330306960657155257e-01 0.000000000000000000e+00 0.000000000000000000e+00 0.000000000000000000e+00 0.000000000000000000e+00 0.000000000000000000e+00 0.000000000000000000e+00 0.000000000000000000e+00 0.000000000000000000e+00 0.000000000000000000e+00
1.518157363819771233e-01 1.749929438329099751e-01 2.278761061946902589e-01 1.625129802699896153e-01 1.891891891891891997e-01 2.098844672657252941e-01 0.000000000000000000e+00 0.000000000000000000e+00 0.000000000000000000e+00 0.000000000000000000e+00 0.000000000000000000e+00 0.000000000000000000e+00 0.000000000000000000e+00
1.609519967728922918e-01 1.629816803537586789e-01 1.765799256505576342e-01 2.385466034755134301e-01 2.624584717607973405e-01 1.541755888650963580e-01 1.880927291886196062e-01 0.000000000000000000e+00 0.000000000000000000e+00 0.000000000000000000e+00 0.000000000000000000e+00 0.000000000000000000e+00 0.000000000000000000e+00
2.135969141755062750e-01 2.244318181818181768e-01 1.509021323127391900e-01 2.709042754445705747e-01 2.146189735614307814e-01 1.903467029231815100e-01 0.000000000000000000e+00 0.000000000000000000e+00 0.000000000000000000e+00 0.000000000000000000e+00 0.000000000000000000e+00 0.000000000000000000e+00 0.000000000000000000e+00
1.570482497634815566e-01 2.273062730627306294e-01 2.041493775933609922e-01 2.190834902699309583e-01 2.073770491803278715e-01 0.000000000000000000e+00 1.725452812202097341e-01 0.000000000000000000e+00 0.000000000000000000e+00 0.000000000000000000e+00 0.000000000000000000e+00 0.000000000000000000e+00 0.000000000000000000e+00
2.108333333333333448e-01 1.751824817518248256e-01 2.030716723549488012e-01 2.758505670446964597e-01 2.217129762245774738e-01 1.836791923724060693e-01 1.653870761356366070e-01 0.000000000000000000e+00 0.000000000000000000e+00 0.000000000000000000e+00 0.000000000000000000e+00 0.000000000000000000e+00 0.000000000000000000e+00
2.051817801922273254e-01 1.516526247569669472e-01 1.881533101045296252e-01 3.033381712626995741e-01 1.666666666666666574e-01 2.105911330049261010e-01 2.574626865671642006e-01 0.000000000000000000e+00 0.000000000000000000e+00 0.000000000000000000e+00 0.000000000000000000e+00 0.000000000000000000e+00 0.000000000000000000e+00
1.617816755135010331e-01 2.196118488253319678e-01 1.865095489638358417e-01 1.866163996229971700e-01 0.000000000000000000e+00 0.000000000000000000e+00 0.000000000000000000e+00 0.000000000000000000e+00 0.000000000000000000e+00 0.000000000000000000e+00 0.000000000000000000e+00 0.000000000000000000e+00 0.000000000000000000e+00
2.224709042076991883e-01 1.721958925750395053e-01 1.837270341207349056e-01 2.554572271386430504e-01 1.519097222222222099e-01 1.930567315834038900e-01 2.014111610006414366e-01 0.000000000000000000e+00 0.000000000000000000e+00 0.000000000000000000e+00 0.000000000000000000e+00 0.000000000000000000e+00 0.000000000000000000e+00
1.470391061452513970e-01 2.017438364401683837e-01 0.000000000000000000e+00 1.764462809917355379e-01 1.600877192982456121e-01 1.397507292495359377e-01 2.296423955191727595e-01 0.000000000000000000e+00 0.000000000000000000e+00 0.000000000000000000e+00 0.000000000000000000e+00 0.000000000000000000e+00 0.000000000000000000e+00
1.498413883187161844e-01 2.375527426160337630e-01 1.486187845303867383e-01 2.435861291232027104e-01 0.000000000000000000e+00 1.647294589178356639e-01 2.107093184979137723e-01 0.000000000000000000e+00 0.000000000000000000e+00 0.000000000000000000e+00 0.000000000000000000e+00 0.000000000000000000e+00 0.000000000000000000e+00
1.962457337883959096e-01 1.462402343750000000e-01 2.051009564293304888e-01 1.626248216833095506e-01 1.789737171464330368e-01 1.699968284173802857e-01 1.730061349693251538e-01 0.000000000000000000e+00 0.000000000000000000e+00 0.000000000000000000e+00 0.000000000000000000e+00 0.000000000000000000e+00 0.000000000000000000e+00
1.936119873817034598e-01 1.962406015037594098e-01 1.728650137741046811e-01 1.929072486360093597e-01 2.663582286847323011e-01 1.522100365569956926e-01 1.568851989693673121e-01 0.000000000000000000e+00 0.000000000000000000e+00 0.000000000000000000e+00 0.000000000000000000e+00 0.000000000000000000e+00 0.000000000000000000e+00
1.891891891891891997e-01 1.473048327137546354e-01 3.175487465181058289e-01 2.040229885057471271e-01 2.281006071118820422e-01 0.000000000000000000e+00 0.000000000000000000e+00 0.000000000000000000e+00 0.000000000000000000e+00 0.000000000000000000e+00 0.000000000000000000e+00 0.000000000000000000e+00 0.000000000000000000e+00
1.527512584620725478e-01 1.898281786941580784e-01 1.831163376732465320e-01 0.000000000000000000e+00 2.332155477031802038e-01 1.348416289592760109e-01 1.830015313935681454e-01 0.000000000000000000e+00 0.000000000000000000e+00 0.000000000000000000e+00 0.000000000000000000e+00 0.000000000000000000e+00 0.000000000000000000e+00
1.613775694194013732e-01 1.901657158380874735e-01 1.734015345268542230e-01 1.756066411238824954e-01 1.490162532078699864e-01 1.719981455725544672e-01 1.574039537486012774e-01 0.000000000000000000e+00 0.000000000000000000e+00 0.000000000000000000e+00 0.000000000000000000e+00 0.000000000000000000e+00 0.000000000000000000e+00
1.158733168974018651e-01 1.857349746560463533e-01 2.189733593242365051e-01 2.333767926988266073e-01 1.880931837791199324e-01 1.786833855799372928e-01 0.000000000000000000e+00 0.000000000000000000e+00 0.000000000000000000e+00 0.000000000000000000e+00 0.000000000000000000e+00 0.000000000000000000e+00 0.000000000000000000e+00
2.584424534803583806e-01 1.897394136807817600e-01 2.114779874213836564e-01 2.500000000000000000e-01 0.000000000000000000e+00 1.566613162118780100e-01 2.287917737789203210e-01 0.000000000000000000e+00 0.000000000000000000e+00 0.000000000000000000e+00 0.000000000000000000e+00 0.000000000000000000e+00 0.000000000000000000e+00
1.724537037037036924e-01 1.827956989247311870e-01 0.000000000000000000e+00 1.593616007622677411e-01 2.655016910935738550e-01 1.563890654799745816e-01 0.000000000000000000e+00 0.000000000000000000e+00 0.000000000000000000e+00 0.000000000000000000e+00 0.000000000000000000e+00 0.000000000000000000e+00 0.000000000000000000e+00
1.596499526963102988e-01 2.011061946902654995e-01 0.000000000000000000e+00 1.548663936024965992e-01 1.361860101602188344e-01 1.623628147191736593e-01 1.495789995047052956e-01 0.000000000000000000e+00 0.000000000000000000e+00 0.000000000000000000e+00 0.000000000000000000e+00 0.000000000000000000e+00 0.000000000000000000e+00
2.055602358887952952e-01 1.789331532748143216e-01 1.911982248520709970e-01 0.000000000000000000e+00 0.000000000000000000e+00 0.000000000000000000e+00 0.000000000000000000e+00 0.000000000000000000e+00 0.000000000000000000e+00 0.000000000000000000e+00 0.000000000000000000e+00 0.000000000000000000e+00 0.000000000000000000e+00
1.201945708457555356e-01 2.033983008495752198e-01 0.000000000000000000e+00 1.914075024046168749e-01 2.380952380952380820e-01 2.347225773459473419e-01 2.944317315026697135e-01 0.000000000000000000e+00 0.000000000000000000e+00 0.000000000000000000e+00 0.000000000000000000e+00 0.000000000000000000e+00 0.000000000000000000e+00
1.629678701556806775e-01 1.693888303477344703e-01 0.000000000000000000e+00 1.680469289164941427e-01 2.547384382107657497e-01 2.204928664072632882e-01 1.879518072289156627e-01 0.000000000000000000e+00 0.000000000000000000e+00 0.000000000000000000e+00 0.000000000000000000e+00 0.000000000000000000e+00 0.000000000000000000e+00
1.732673267326732547e-01 1.657541065206570297e-01 0.000000000000000000e+00 1.445893388240677147e-01 1.565545425966677062e-01 1.820403176542455814e-01 1.917571569595261649e-01 0.000000000000000000e+00 0.000000000000000000e+00 0.000000000000000000e+00 0.000000000000000000e+00 0.000000000000000000e+00 0.000000000000000000e+00
1.897358282883874481e-01 1.763879128601545943e-01 0.000000000000000000e+00 1.624656850511604633e-01 2.007908611599296955e-01 2.007042253521126862e-01 2.140026420079260139e-01 0.000000000000000000e+00 0.000000000000000000e+00 0.000000000000000000e+00 0.000000000000000000e+00 0.000000000000000000e+00 0.000000000000000000e+00
1.406819644006004622e-01 1.852480664025655532e-01 0.000000000000000000e+00 1.957658128593831592e-01 2.053990610328638444e-01 2.419354838709677491e-01 1.272285251215559132e-01 0.000000000000000000e+00 0.000000000000000000e+00 0.000000000000000000e+00 0.000000000000000000e+00 0.000000000000000000e+00 0.000000000000000000e+00
1.421936405859235419e-01 1.850152905198776676e-01 0.000000000000000000e+00 2.533333333333333548e-01 1.344277896740423417e-01 1.921561268530681266e-01 2.210648148148148251e-01 0.000000000000000000e+00 0.000000000000000000e+00 0.000000000000000000e+00 0.000000000000000000e+00 0.000000000000000000e+00 0.000000000000000000e+00
1.274074074074074137e-01 1.096870342771982115e-01 0.000000000000000000e+00 1.906794734969761707e-01 1.480075901328273269e-01 1.893387707544421650e-01 1.585365853658536606e-01 0.000000000000000000e+00 0.000000000000000000e+00 0.000000000000000000e+00 0.000000000000000000e+00 0.000000000000000000e+00 0.000000000000000000e+00
1.362657091561939038e-01 1.564781973711662777e-01 0.000000000000000000e+00 1.853245531514581268e-01 2.222222222222222099e-01 2.387573321746686850e-01 1.622924477771826579e-01 0.000000000000000000e+00 0.000000000000000000e+00 0.000000000000000000e+00 0.000000000000000000e+00 0.000000000000000000e+00 0.000000000000000000e+00
1.515633280339162559e-01 1.663297718740976150e-01 0.000000000000000000e+00 1.512968299711815456e-01 1.724875267284390612e-01 1.728076639646278501e-01 1.634349030470914066e-01 0.000000000000000000e+00 0.000000000000000000e+00 0.000000000000000000e+00 0.000000000000000000e+00 0.000000000000000000e+00 0.000000000000000000e+00
1.671043208402960001e-01 1.959695661114538301e-01 0.000000000000000000e+00 1.653703703703703620e-01 1.693965517241379226e-01 2.278745644599303177e-01 1.740634005763688763e-01 0.000000000000000000e+00 0.000000000000000000e+00 0.000000000000000000e+00 0.000000000000000000e+00 0.000000000000000000e+00 0.000000000000000000e+00
1.571313456889605054e-01 1.436950146627566094e-01 0.000000000000000000e+00 1.840307429547395346e-01 2.045826513911620237e-01 1.427507447864945489e-01 1.539039039039039047e-01 0.000000000000000000e+00 0.000000000000000000e+00 0.000000000000000000e+00 0.000000000000000000e+00 0.000000000000000000e+00 0.000000000000000000e+00
1.508472241355558741e-01 1.194108364018937468e-01 0.000000000000000000e+00 2.478295185477505935e-01 2.349957734573119295e-01 1.403632932295352798e-01 1.820594479830148493e-01 2.009878419452887643e-01 0.000000000000000000e+00 0.000000000000000000e+00 0.000000000000000000e+00 0.000000000000000000e+00 0.000000000000000000e+00
1.695607763023493364e-01 1.784791965566714378e-01 0.000000000000000000e+00 1.799163179916317967e-01 1.669887901043679845e-01 1.509738388844070467e-01 1.982758620689655249e-01 1.622340425531914876e-01 0.000000000000000000e+00 0.000000000000000000e+00 0.000000000000000000e+00 0.000000000000000000e+00 0.000000000000000000e+00
1.248095092959463637e-01 1.624951114587407097e-01 0.000000000000000000e+00 1.552337063857801291e-01 1.376459143968871701e-01 1.948255586044688459e-01 1.603670526545772357e-01 1.557711950970377957e-01 0.000000000000000000e+00 0.000000000000000000e+00 0.000000000000000000e+00 0.000000000000000000e+00 0.000000000000000000e+00
1.871599564744287347e-01 1.955864032746040260e-01 0.000000000000000000e+00 1.787234042553191571e-01 1.745423584504044168e-01 1.308873276086390813e-01 1.880548829701371993e-01 1.530014641288433286e-01 0.000000000000000000e+00 0.000000000000000000e+00 0.000000000000000000e+00 0.000000000000000000e+00 0.000000000000000000e+00
1.514588100686498906e-01 1.773049645390070983e-01 0.000000000000000000e+00 1.892802450229709166e-01 1.832686502802932382e-01 1.726587728740581196e-01 1.559392987964416666e-01 2.292993630573248454e-01 0.000000000000000000e+00 0.000000000000000000e+00 0.000000000000000000e+00 0.000000000000000000e+00 0.000000000000000000e+00
1.611271676300577993e-01 1.784511784511784438e-01 0.000000000000000000e+00 2.301829268292683028e-01 2.156187194946884989e-01 2.091800143437724246e-01 1.457725947521865961e-01 2.753424657534246367e-01 0.000000000000000000e+00 0.000000000000000000e+00 0.000000000000000000e+00 0.000000000000000000e+00 0.000000000000000000e+00
1.452969666071883825e-01 1.457871396895787097e-01 0.000000000000000000e+00 1.437334217506631429e-01 1.658662726265238141e-01 1.486988847583643192e-01 2.222934016655989664e-01 2.098623853211009083e-01 0.000000000000000000e+00 0.000000000000000000e+00 0.000000000000000000e+00 0.000000000000000000e+00 0.000000000000000000e+00
1.918806384455239433e-01 1.717143259614030137e-01 0.000000000000000000e+00 2.557766367137355723e-01 2.091232227488151740e-01 2.034391534391534473e-01 2.187898089171974592e-01 3.197556008146639761e-01 0.000000000000000000e+00 0.000000000000000000e+00 0.000000000000000000e+00 0.000000000000000000e+00 0.000000000000000000e+00
1.883474891968409948e-01 2.189014539579967611e-01 0.000000000000000000e+00 1.758887171561051010e-01 1.634972170686456450e-01 1.981032665964172768e-01 2.032455440276669245e-01 1.964285714285714246e-01 0.000000000000000000e+00 0.000000000000000000e+00 0.000000000000000000e+00 0.000000000000000000e+00 0.000000000000000000e+00
2.290244439550759847e-01 1.517874584879859434e-01 0.000000000000000000e+00 1.975962517824404185e-01 2.451027233635929281e-01 1.262916188289322506e-01 2.800751879699248104e-01 2.225913621262458342e-01 0.000000000000000000e+00 0.000000000000000000e+00 0.000000000000000000e+00 0.000000000000000000e+00 0.000000000000000000e+00
1.889784247465557676e-01 1.669064748201438964e-01 2.076963626779124994e-01 2.145236508994003977e-01 1.710037174721189546e-01 1.478997529121073018e-01 1.748942172073342793e-01 2.354538401861908381e-01 1.954102920723226611e-01 0.000000000000000000e+00 0.000000000000000000e+00 0.000000000000000000e+00 0.000000000000000000e+00
1.251956181533646351e-01 1.481614135625596851e-01 1.525044722719141321e-01 1.881824020552344268e-01 1.804677623261694008e-01 2.193030973451327303e-01 1.507660167130919215e-01 2.003053435114503789e-01 2.071737786023500338e-01 0.000000000000000000e+00 0.000000000000000000e+00 0.000000000000000000e+00 0.000000000000000000e+00
1.737268695519192663e-01 1.688479262672810954e-01 1.291417165668662659e-01 2.179908076165462949e-01 1.380139982502187335e-01 1.895477931221229428e-01 1.811516066422255711e-01 1.404282115869017744e-01 4.031141868512110871e-01 0.000000000000000000e+00 0.000000000000000000e+00 0.000000000000000000e+00 0.000000000000000000e+00
1.770147381624333771e-01 1.579901153212520670e-01 1.416908085330524092e-01 2.285393678698335596e-01 1.442392260334212917e-01 2.197802197802197766e-01 1.972422062350119853e-01 1.768654789568809838e-01 1.883460859329016968e-01 0.000000000000000000e+00 0.000000000000000000e+00 0.000000000000000000e+00 0.000000000000000000e+00
1.766934046345811082e-01 1.631709918236757817e-01 1.689042875703767876e-01 1.934758155230596188e-01 1.477052359405300608e-01 1.686062246278755006e-01 1.898699891657638084e-01 1.687211093990755029e-01 1.527369040612124862e-01 0.000000000000000000e+00 0.000000000000000000e+00 0.000000000000000000e+00 0.000000000000000000e+00
1.739995028585632486e-01 1.398244004717599243e-01 1.300280636108512577e-01 1.699643846458250840e-01 1.221329151146833963e-01 1.691188905800777853e-01 1.642642642642642703e-01 2.093559545379673759e-01 2.983808789514263426e-01 0.000000000000000000e+00 0.000000000000000000e+00 0.000000000000000000e+00 0.000000000000000000e+00
1.668942911772739734e-01 1.642298035740658579e-01 1.442241020662876072e-01 1.780380673499268041e-01 1.705426356589147263e-01 2.217272104180945946e-01 1.882190520018407753e-01 1.668297455968688892e-01 1.906116642958748109e-01 0.000000000000000000e+00 0.000000000000000000e+00 0.000000000000000000e+00 0.000000000000000000e+00
1.831255992329817728e-01 1.491414786433943596e-01 1.525423728813559421e-01 2.415795586527293981e-01 1.221216452278862941e-01 1.940431603352951728e-01 1.528503293209175495e-01 1.619739630638813155e-01 2.062289562289562339e-01 0.000000000000000000e+00 0.000000000000000000e+00 0.000000000000000000e+00 0.000000000000000000e+00
2.003642987249544538e-01 1.735159817351598077e-01 1.610239471511147880e-01 1.307077625570776391e-01 1.365116279069767402e-01 2.146542827657378638e-01 1.919690031701303257e-01 1.595859391848177822e-01 2.510812109562710059e-01 0.000000000000000000e+00 0.000000000000000000e+00 0.000000000000000000e+00 0.000000000000000000e+00
1.546047399395578115e-01 1.729669236508331320e-01 1.641834647969617200e-01 1.993073593073592942e-01 1.762360446570973016e-01 1.549752781211372055e-01 1.594758708852668516e-01 1.655400094324791793e-01 1.598506401137980149e-01 0.000000000000000000e+00 0.000000000000000000e+00 0.000000000000000000e+00 0.000000000000000000e+00
1.815173428116190757e-01 1.847427934384456016e-01 1.791509224272060385e-01 1.593118922961855033e-01 1.603988603988603934e-01 1.712177121771217836e-01 1.399190283400809642e-01 1.322128851540616268e-01 1.512762762762762669e-01 0.000000000000000000e+00 0.000000000000000000e+00 0.000000000000000000e+00 0.000000000000000000e+00
1.409103680809216108e-01 1.978672985781990412e-01 1.619356582860232430e-01 2.308088614116434734e-01 1.785512167515563020e-01 2.541943653054763996e-01 1.866468106229833834e-01 1.468863445964814218e-01 1.246310265660872385e-01 0.000000000000000000e+00 0.000000000000000000e+00 0.000000000000000000e+00 0.000000000000000000e+00
1.300349695635280300e-01 1.646653324438514532e-01 1.887179487179487247e-01 1.793271426396711721e-01 1.336113125453226858e-01 1.795154185022026505e-01 1.551972358191764934e-01 1.724664224664224643e-01 1.288566243194192440e-01 0.000000000000000000e+00 0.000000000000000000e+00 0.000000000000000000e+00 0.000000000000000000e+00
1.807871003006285837e-01 1.726296958855098318e-01 1.671364616149892124e-01 1.885361552028218812e-01 1.478546050833560999e-01 1.538461538461538547e-01 1.667501251877816781e-01 1.765625000000000111e-01 1.878675332714329904e-01 0.000000000000000000e+00 0.000000000000000000e+00 0.000000000000000000e+00 0.000000000000000000e+00
1.718270214943705132e-01 2.177393008820646958e-01 1.535199321458863564e-01 1.489657915672235600e-01 1.748466257668711554e-01 1.747526332588573150e-01 2.327215931276845062e-01 2.083193559208319223e-01 0.000000000000000000e+00 0.000000000000000000e+00 0.000000000000000000e+00 0.000000000000000000e+00 0.000000000000000000e+00
1.583084420688571081e-01 1.785714285714285754e-01 2.489199753137214532e-01 2.207278481012658333e-01 2.508143322475570036e-01 1.811036515474046260e-01 1.731611713165782662e-01 2.246111619396157499e-01 0.000000000000000000e+00 0.000000000000000000e+00 0.000000000000000000e+00 0.000000000000000000e+00 0.000000000000000000e+00
1.632882882882882858e-01 1.368847712796757432e-01 2.005085361423901147e-01 1.874226804123711454e-01 1.244106463878326962e-01 1.577811353334772349e-01 0.000000000000000000e+00 1.867693185058454386e-01 0.000000000000000000e+00 0.000000000000000000e+00 0.000000000000000000e+00 0.000000000000000000e+00 0.000000000000000000e+00
1.496807151979565875e-01 1.379267535692116631e-01 1.651270207852194027e-01 1.393442622950819554e-01 1.818604651162790686e-01 1.713695801789401341e-01 1.234069668649107887e-01 1.721780382307799562e-01 0.000000000000000000e+00 0.000000000000000000e+00 0.000000000000000000e+00 0.000000000000000000e+00 0.000000000000000000e+00
1.737932843651626424e-01 1.387772675086108021e-01 1.925389240018498538e-01 2.124645892351274823e-01 2.112597547380156149e-01 1.811644630016237545e-01 1.251440424060843437e-01 2.211966900063653818e-01 0.000000000000000000e+00 0.000000000000000000e+00 0.000000000000000000e+00 0.000000000000000000e+00 0.000000000000000000e+00
1.845735379832912360e-01 1.483420593368237339e-01 1.719512195121951081e-01 1.864440078585461735e-01 1.468614291354125578e-01 1.824992030602486381e-01 1.611089569600620275e-01 1.829440905874026857e-01 1.926803013993541314e-01 0.000000000000000000e+00 0.000000000000000000e+00 0.000000000000000000e+00 0.000000000000000000e+00
1.640830267997898106e-01 2.450076804915514717e-01 1.690498887829678942e-01 1.799453053783044709e-01 1.760911631907116637e-01 1.563067150635208680e-01 1.870967741935483930e-01 1.561164258090779466e-01 3.402061855670103219e-01 0.000000000000000000e+00 0.000000000000000000e+00 0.000000000000000000e+00 0.000000000000000000e+00
1.367160930485648296e-01 1.376400957058304952e-01 2.042469352014010531e-01 1.726642456256190228e-01 1.525722339675827932e-01 1.885805277525022805e-01 1.852825229960578246e-01 1.919760029996250561e-01 1.718578233785269249e-01 0.000000000000000000e+00 0.000000000000000000e+00 0.000000000000000000e+00 0.000000000000000000e+00
1.749212066636650076e-01 1.954297407912687634e-01 1.681479702137881338e-01 2.088173964849568132e-01 2.040673211781206253e-01 1.481739130434782670e-01 1.822541966426858562e-01 2.027065125458133721e-01 2.158273381294963933e-01 0.000000000000000000e+00 0.000000000000000000e+00 0.000000000000000000e+00 0.000000000000000000e+00
1.758953517907035913e-01 1.877228731533367168e-01 2.160737812911726063e-01 1.396357328707719114e-01 2.268679829655439462e-01 1.438202247191011363e-01 1.587525150905432503e-01 1.648070239619535415e-01 0.000000000000000000e+00 0.000000000000000000e+00 0.000000000000000000e+00 0.000000000000000000e+00 0.000000000000000000e+00
1.528036416304572598e-01 2.054455445544554337e-01 1.478401946866761407e-01 1.768609347951529132e-01 1.446407990779869368e-01 1.757558223636626615e-01 2.000333945566872551e-01 1.261797291752154160e-01 1.903817550818046600e-01 0.000000000000000000e+00 0.000000000000000000e+00 0.000000000000000000e+00 0.000000000000000000e+00
1.628455832771409373e-01 2.152754866380732490e-01 1.865079365079365115e-01 1.631490080202617210e-01 1.540555253130103386e-01 1.773766920802862801e-01 1.640625000000000000e-01 1.522445363260484241e-01 1.842885375494071054e-01 0.000000000000000000e+00 0.000000000000000000e+00 0.000000000000000000e+00 0.000000000000000000e+00
1.387790953008344319e-01 1.527864746399499041e-01 1.392169049098819222e-01 1.249341064839219889e-01 1.762657380123225370e-01 1.950427854824431928e-01 1.451802969596983350e-01 1.699335548172757338e-01 2.482341069626639862e-01 0.000000000000000000e+00 0.000000000000000000e+00 0.000000000000000000e+00 0.000000000000000000e+00
1.485425030546343172e-01 1.681132937414344386e-01 1.866492146596858692e-01 1.438127090301003219e-01 1.492133726647001113e-01 1.635929702755478388e-01 2.024318107131120592e-01 1.654631083202511843e-01 0.000000000000000000e+00 0.000000000000000000e+00 0.000000000000000000e+00 0.000000000000000000e+00 0.000000000000000000e+00
1.362090947726306844e-01 2.985185185185185164e-01 1.588972431077694258e-01 1.975023126734505030e-01 1.840354767184035345e-01 1.945636623748211724e-01 1.575023299161230073e-01 1.729088639200998812e-01 1.633027522935779907e-01 0.000000000000000000e+00 0.000000000000000000e+00 0.000000000000000000e+00 0.000000000000000000e+00
2.698942682248191560e-01 2.307692307692307820e-01 1.730860675225867895e-01 1.509229098805646152e-01 1.872529644268774718e-01 1.697264893218433934e-01 1.529061102831594521e-01 1.734210526315789480e-01 1.247645951035781520e-01 0.000000000000000000e+00 0.000000000000000000e+00 0.000000000000000000e+00 0.000000000000000000e+00
